01101010 10000110 11111001 11100001 00001010 11010111 01100000 11100101
10000011 11001001 01001110 00001100 00000010 00011110 01010011 10101010
10010011 10000101 01101101 01100101 01011011 10010101 01111100 10011100
00101111 01011110 11101010 01000010 11111001 00001100 11011000 10000101
11011110 00011010 11100010 11001000 01010001 01000111 01111010 10001000
00101111 10010101 01010110 11101111 00111100 11011101 01110111 01000101
01000101 00100011 10101001 01100101 10001010 00000110 01011110 01001001
11001011 11110110 00111100 11001101 11001011 00000000 10010001 00111100
01111000 00010111 10011101 11000100 00011001 11001111 01011110 10001001
11000111 11010000 11110111 10011101 00011110 10011100 01011101 00001100
01111110 10010000 01110001 01111010 11011100 00110100 10111101 11100101
11110000 00001110 00000001 00100101 10111100 10011100 11010100 00001010
01000010 11011001 01010010 10101111 10011100 11111010 01101111 10111000 
01111001 00100110 00100100 01100000 00010000 11010010 10001001 11000010
10010000 10001110 00101001 00001111 00100000 01011001 11001111 01110000
10010110 00010100 00011101 11010001 01110010 10110001 10100100 01110001
00011110 10101110 11001100 01111111 10101010 01110001 00001001 00111011
10111010 00000000 10011100 10010100 01001000 00111111 11001100 10111010
01101111 01111101 00011011 00101110 11000001 11100001 01001110 11111010
01011001 01010000 00110101 10011000 11000110 00001111 01001001 00101001
11111010 00100001 01110011 00001110 11111011 10110010 11010011 00011010
10010111 01110000 11111101 01111101 10110000 01110010 01100010 10101111
00101100 11010111 11010100 00011010 10000110 10100100 00001101 11010111
10000111 00100000 00110111 10101100 00010111 10010001 10101011 00110010
11010101 01101000 11010011 10000011 00110101 01100000 00101000 10110110
11110101 11000011 10101110 11001110 11001111 00000011 11010010 00111001
00101101 10101110 11010101 11011001 10110100 11000111 00111100 11011011
00001111 01011110 01010001 00101011 11110001 11100110 11110100 01101010
01001100 11000000 11101001 01101111 10011101 10101000 11011001 01111000
01001000 01110010 00000101 00000000 11110110 01100101 01000101 11011111
10001011 11011011 10010001 10001000 01000010 01101100 00100000 10110000
10010101 10111010 11010011 11100011 00101110 01101110 11100010 11010110
10100111 11001011 00011110 00011010 10001111 00010111 11101111 01001101
11000001 00110000 01001110 11111110 00111011 10110110 01101110 00100001
11110111 11100010 00110011 00001101 10110010 01000111 01011010 00010111
01100111 01010101 10101101 11101000 00100100 10111011 10001010 00000001
11011111 10101101 10000110 10001110 00111111 10011010 00000100 11010001
10111010 00011001 10011101 11100011 10001011 10100110 01111111 10111100
10111101 00101101 11001100 01100110 00101000 01001110 10100110 11111011
11111000 11000111 10101001 11100100 10111001 10000011 01001111 01000101
10110011 10101110 00010110 01100000 11110100 11001111 01010110 10111011
11010100 00001001 11111100 00011101 01101110 11011011 10110101 01001110
01101110 01101111 00110101 00011101 01011011 11010011 10010110 00001011
00000000 00111011 10001100 11000010 01010011 11011011 11001101 00000110
01110001 00110111 01001101 00100111 00000010 10010011 01110101 00100000
01101101 11101011 11101111 01000010 10011110 00101000 10110110 11001001
00010101 00101100 00000000 11100110 01101100 01010011 01111100 11111101
10011101 11011100 00101010 00100011 00100101 10110011 00111100 00001100
10111101 10101110 10001010 11001111 01110110 01000000 10111110 11010101
11010011 01101000 00101101 11110000
